3   100000000   2.  6.  0   2
a6z2.root
200000  1000     0
0.0     0.0   112.5  0.0352  0.0352  1.0
0.0     0.0   112.5  0.0352  0.0352  1.0
0.2435  0.0   112.5  0.112   0.060   1.5
0.2435  0.0   112.5  0.112   0.060   1.5
-0.096  0.0   7.60   0.035   0.035   0.21
0.096	0.0   7.60   0.035   0.035   0.21
1 0 0 0 0 1 0 0 0
0.000035

0.000035
0.0	0.000065  0.00    0.000065  0.0   0.07	0
0.000100
2.566   0.103        0.90    0.0
2.37    0.125        1.07    0.05
0.200   -.002    0.001
0.250
/home/gallio/hijing/src/2010/pbpb_mb_2010.data
/home/gallio/hijing/data/lhcpp7000.data
steering flags:
divergence, ip, crossing, fermi, fragmentation, resolution, fondoZP, nf, newreadout
